clearvars
slip = (0:.05:1.0); 
mu = [0 .4 .8 .97 1.0 .98 .96 .94 .92 .9 .88 .855 .83 .81 .79 .77 .75 .73 .72 .71 .7];
g = 9.81;
v0 = 44;
Rr = 1.25;  % Wheel radius
Kf = 1;
m = 50;
TB = 0.01;
I = 5;


